Name: 
Comment: 1323247588 1323247588
Type: s 
Nurses: 3
Workers: 3
Clients: 15
Jobs: 15
Dkws: 0
Related: 0
Synchron: 0

nurses qualification: nr, exclude, qual, language (4), usual shift length, extra 
1 0 3 1 1 1 1 360 1
2 0 3 1 0 0 1 480 1
3 0 2 0 0 1 1 480 1

workers: nr, anurse(7) + bnurse(7), abreak, bbreak, pause, ident, start (unbez.home/depot/bez.home (0,1,2))
1 0 800 0 800 0 800 0 800 0 800 0 800 0 800 240 360 30 1 0 -1
2 0 800 0 800 0 800 0 800 0 800 0 800 0 800 240 360 30 2 1 -1 
3 0 800 0 800 0 800 0 800 0 800 0 800 0 800 240 360 30 3 2 -1

jobs: nr, include, exclude, qual, language(4), pref,  duration, a, b, asoft, bsoft, ident, freq, Mo, Di, Mi, Do, Fr, Sa, So, ltl, utl
1 0 0 2 1 0 1 0 0 17 0 120 5 65 1 6 1 1 1 1 1 1 0 1 2
2 0 0 1 1 1 0 1 3 61 600 720 635 695 2 3 0 1 0 1 0 1 0 1 4
3 0 0 2 1 0 1 0 3 71 240 360 260 320 3 4 0 1 0 1 0 1 1 1 3
4 0 0 3 0 0 1 1 0 26 480 600 515 575 4 2 0 0 1 1 0 0 0 2 5
5 0 0 3 1 0 0 1 2 43 120 240 130 190 5 2 0 0 1 1 0 0 0 2 5
6 0 0 2 0 0 1 0 3 62 600 720 630 690 6 2 0 0 0 1 0 0 1 2 5
7 0 0 1 1 1 1 0 4 24 360 480 360 420 7 1 0 0 0 0 0 1 0 6 6
8 0 0 1 0 0 1 1 4 45 480 600 510 570 8 6 1 1 1 1 0 1 1 1 2
9 0 0 3 1 0 1 0 0 49 480 600 520 580 9 5 0 1 1 1 1 1 0 1 2
10 0 0 1 0 0 1 1 3 33 360 480 360 420 10 1 0 0 0 1 0 0 0 6 6
11 0 0 3 0 1 0 1 0 38 0 120 15 75 11 7 1 1 1 1 1 1 1 1 1
12 0 0 2 1 1 1 0 1 30 120 240 175 235 12 5 1 0 1 1 0 1 1 1 2
13 0 0 3 1 0 1 1 1 42 120 240 140 200 13 5 1 0 1 1 0 1 1 1 2
14 0 0 3 1 0 1 0 1 22 240 360 265 325 14 6 1 1 1 0 1 1 1 1 2
15 0 0 3 0 1 0 0 0 23 480 600 535 595 15 4 0 1 0 1 1 0 1 1 3

dist
0 16 16 22 31 27 8 21 35 34 31 33 3 32 18 28 25 2 24 
16 0 15 22 47 17 24 19 47 26 37 46 18 48 34 44 41 18 23 
16 15 0 34 43 32 19 5 51 41 47 49 15 44 29 39 33 18 35 
22 22 34 0 40 15 28 39 30 17 15 30 25 42 33 42 42 21 2 
31 47 43 40 0 53 24 48 24 58 37 20 30 1 14 8 15 29 43 
27 17 32 15 53 0 35 36 45 9 29 45 30 54 43 53 51 27 13 
8 24 19 28 24 35 0 25 34 43 35 31 6 25 10 20 16 7 31 
21 19 5 39 48 36 25 0 57 45 52 55 20 49 34 43 37 24 40 
35 47 51 30 24 45 34 57 0 46 18 4 36 25 30 31 36 33 32  
34 26 41 17 58 9 43 45 46 0 29 47 38 59 50 59 58 35 15 
31 37 47 15 37 29 35 52 18 29 0 20 34 39 36 42 45 30 16 
33 46 49 30 20 45 31 55 4 47 20 0 34 21 26 27 32 31 32 
3 18 15 25 30 30 6 20 36 38 34 34 0 31 16 26 22 4 27 
32 48 44 42 1 54 25 49 25 59 39 21 31 0 15 7 15 30 45 
18 34 29 33 14 43 10 34 30 50 36 26 16 15 0 10 8 16 36   
28 44 39 42 8 53 20 43 31 59 42 27 26 7 10 0 7 26 45 
25 41 33 42 15 51 16 37 36 58 45 32 22 15 8 7 0 24 45 
2 18 18 21 29 27 7 24 33 35 30 31 4 30 16 26 24 0 23 
24 23 35 2 43 13 31 40 32 15 16 32 27 45 36 45 45 23 0  

