Name: 
Comment: 1323247588 1323247588
Type: s 
Nurses: 2
Workers: 2
Clients: 10
Jobs: 10
Dkws: 0
Related: 0
Synchron: 0

nurses qualification: nr, exclude, qual, language (4), usual shift length, extra 
1 0 3 1 1 1 1 480 1
2 0 3 1 0 0 1 480 1

workers: nr, anurse(7) + bnurse(7), abreak, bbreak, pause, ident, start (unbez.home/depot/bez.home (0,1,2))
1 0 1440 0 1440 0 1440 0 1440 0 1440 0 1440 0 1440 240 360 30 1 0 -1
2 0 1440 0 1440 0 1440 0 1440 0 1440 0 1440 0 1440 240 360 30 2 1 -1

jobs: nr, include, exclude, qual, language(4), pref,  duration, a, b, asoft, bsoft, ident, freq, Mo, Di, Mi, Do, Fr, Sa, So, ltl, utl
1 0 0 2 1 0 1 0 1 17 0 120 5 65 1 6 1 1 1 1 1 1 0 1 2
2 0 0 2 1 1 0 1 1 61 600 720 635 695 2 3 0 1 0 1 0 1 0 2 4
3 0 0 2 1 0 1 0 1 71 240 360 260 320 3 4 0 1 0 1 0 1 1 1 3
4 0 0 3 0 0 1 1 0 26 480 600 515 575 4 2 0 0 1 1 0 0 0 2 5
5 0 0 3 1 0 0 1 2 43 120 240 130 190 5 2 0 0 1 1 0 0 0 2 5
6 0 0 2 0 0 1 0 0 62 600 720 630 690 6 2 0 0 0 1 0 0 1 2 5
7 0 0 2 1 1 1 0 2 24 360 480 360 420 7 1 0 0 0 0 0 1 0 6 6
8 0 0 2 0 0 1 1 1 45 480 600 510 570 8 6 1 1 1 1 0 1 1 1 2
9 0 0 3 1 0 1 0 0 49 480 600 520 580 9 5 0 1 1 1 1 1 0 1 2
10 0 0 2 0 0 1 1 2 33 360 480 360 420 10 1 0 0 0 1 0 0 0 6 6

dist
0 16 16 22 31 27 8 21 35 34 28 25 2 
16 0 15 22 47 17 24 19 47 26 44 41 18 
16 15 0 34 43 32 19 5 51 41 39 33 18 
22 22 34 0 40 15 28 39 30 17 42 42 21 
31 47 43 40 0 53 24 48 24 58 8 15 29 
27 17 32 15 53 0 35 36 45 9 53 51 27 
8 24 19 28 24 35 0 25 34 43 20 16 7 
21 19 5 39 48 36 25 0 57 45 43 37 24 
35 47 51 30 24 45 34 57 0 46 31 36 33  
34 26 41 17 58 9 43 45 46 0 59 58 35    
28 44 39 42 8 53 20 43 31 59 0 7 26 
25 41 33 42 15 51 16 37 36 58 7 0 24  
2 18 18 21 29 27 7 24 33 35 26 24 0  

